0 0.496416 0.730742 0.027494 0.538516
0 0.200122 0.5 0.036331 1.0
0 0.059441 0.5 0.054331 1.0
0 0.3456 0.5 0.073375 1.0
0 0.169141 0.503203 0.017931 0.983594
0 0.577131 0.391953 0.012112 0.65875
0 0.747325 0.5 0.0249 1.0
0 0.992012 0.91793 0.00655 0.164141
0 0.409972 0.866602 0.009819 0.266797
0 0.940391 0.5 0.024569 1.0
0 0.45815 0.5 0.037512 1.0
0 0.615594 0.901563 0.005237 0.196875
0 0.4319 0.692305 0.004588 0.188203
0 0.919347 0.885195 0.011131 0.229609
0 0.126872 0.5 0.050406 1.0
0 0.646066 0.5 0.009631 1.0
0 0.497397 0.142383 0.005231 0.188203
0 0.720009 0.71543 0.022256 0.569141
0 0.555594 0.501563 0.022575 0.996875
0 0.672056 0.915898 0.005563 0.168203
0 0.843941 0.5 0.036856 1.0
0 0.260844 0.5 0.061537 1.0