0 0.173175 0.5 0.03495 1.0
0 0.848716 0.5 0.045369 1.0
0 0.814669 0.629687 0.0108 0.27
0 0.649831 0.5 0.030075 1.0
0 0.4954 0.783125 0.00655 0.335469
0 0.79405 0.138906 0.016037 0.277813
0 0.464547 0.5 0.040156 1.0
0 0.892409 0.257578 0.009819 0.515156
0 0.24415 0.217461 0.02435 0.434922
0 0.241044 0.694141 0.0055 0.196406
0 0.414638 0.5 0.0502 1.0
0 0.087928 0.5 0.127231 1.0
0 0.522403 0.529453 0.004906 0.204531
0 0.319316 0.5 0.123131 1.0
0 0.947175 0.5 0.0502 1.0
0 0.557559 0.5 0.031031 1.0
0 0.500803 0.142813 0.014731 0.282344