0 0.653487 0.5 0.0392 1.0
0 0.985303 0.756133 0.005894 0.487734
0 0.9092 0.231992 0.005563 0.347734
0 0.750062 0.5 0.035375 1.0
0 0.940787 0.5 0.028688 1.0
0 0.628684 0.608398 0.004256 0.225078
0 0.983159 0.237734 0.033681 0.475469
0 0.468944 0.5 0.060237 1.0
0 0.892506 0.414023 0.007525 0.253672
0 0.694478 0.537227 0.021931 0.925547
0 0.083359 0.5 0.077906 1.0
0 0.5605 0.5 0.021512 1.0
0 0.84995 0.5 0.045812 1.0
0 0.726881 0.532695 0.0036 0.188203
0 0.256916 0.5 0.068369 1.0
0 0.714606 0.729102 0.008513 0.196328
0 0.364722 0.5 0.031556 1.0
0 0.191416 0.5 0.059756 1.0
0 0.013431 0.5 0.026862 1.0
0 0.594122 0.461328 0.041244 0.922656
0 0.143716 0.592031 0.024744 0.815937