5 0.436538 0.253789 0.00735 0.212109
5 0.089106 0.925742 0.005188 0.148516
5 0.05045 0.266719 0.0165 0.250469
5 0.598194 0.5 0.017763 1.0
5 0.119269 0.894805 0.011787 0.210391
5 0.302762 0.5 0.011225 1.0
5 0.2089 0.131328 0.00935 0.262656
5 0.678956 0.145352 0.012212 0.290703
5 0.20945 0.966289 0.00905 0.067422
5 0.487444 0.244961 0.009612 0.229766
5 0.162213 0.777148 0.00735 0.445703
5 0.365406 0.50293 0.022437 0.994141
5 0.534388 0.128398 0.008875 0.256797
5 0.402531 0.303438 0.006788 0.106094