5 0.851175 0.5 0.017925 1.0
5 0.512725 0.497852 0.01195 0.988516
5 0.557131 0.238906 0.052263 0.477812
5 0.80575 0.497305 0.01235 0.994609
5 0.755519 0.622109 0.007338 0.661719
5 0.2944 0.496641 0.01035 0.672344
5 0.8932 0.457461 0.0255 0.914922
5 0.334025 0.323789 0.063525 0.647578
5 0.489819 0.5 0.009962 1.0
5 0.770925 0.077695 0.008825 0.155391
5 0.215113 0.5 0.101 1.0
5 0.055881 0.384883 0.020362 0.769766
5 0.691513 0.243125 0.037325 0.48625
5 0.976869 0.5 0.030288 1.0
5 0.9213 0.5 0.01235 1.0
5 0.136313 0.451016 0.02105 0.902031