6 0.6134 0.4075 0.010475 0.18
6 0.705375 0.891953 0.019637 0.216094
6 0.44195 0.796016 0.0034 0.081562
6 0.496234 0.770117 0.004656 0.180703
6 0.359237 0.579336 0.0036 0.147266
6 0.341241 0.928789 0.004269 0.142422
6 0.494091 0.951289 0.005569 0.097422
6 0.699156 0.640742 0.015713 0.122734
6 0.655788 0.3175 0.0036 0.220938
6 0.22225 0.706328 0.0047 0.521875
6 0.447763 0.616055 0.003687 0.172109
6 0.406363 0.515117 0.003687 0.115234
6 0.485331 0.23875 0.003925 0.263437
6 0.641284 0.620703 0.004081 0.234844
6 0.686306 0.463711 0.0051 0.181172
6 0.332434 0.139297 0.003919 0.278594
6 0.532062 0.728711 0.008837 0.364141