9 0.43627 0.858145 0.03922 0.037177
9 0.39338 0.03879 0.035 0.037581
9 0.24431 0.445726 0.01274 0.021855
9 0.43264 0.068589 0.02172 0.038306
9 0.36163 0.058649 0.00942 0.012379
9 0.363 0.600867 0.02128 0.019798
9 0.14439 0.241875 0.01178 0.020927
9 0.26351 0.212984 0.0305 0.019355
9 0.52586 0.809133 0.02392 0.054556
9 0.66274 0.793851 0.02308 0.062944
9 0.41004 0.140665 0.0254 0.034153
9 0.27518 0.046028 0.01764 0.026008
9 0.2398 0.075242 0.03276 0.039839
9 0.26382 0.16375 0.01648 0.022823
9 0.32478 0.091734 0.05816 0.095645
9 0.24064 0.015706 0.03332 0.031411
9 0.56694 0.114536 0.01604 0.020927
9 0.10456 0.09629 0.05364 0.079677
9 0.48796 0.273871 0.02992 0.03871
9 0.35583 0.238004 0.03106 0.083105
9 0.72533 0.412923 0.07066 0.068427
9 0.56873 0.884173 0.03054 0.027379
9 0.38642 0.277984 0.0132 0.024677
9 0.2346 0.332903 0.02308 0.076048
9 0.17596 0.395343 0.06552 0.11496
9 0.13759 0.168589 0.06098 0.067177
9 0.07101 0.636794 0.06078 0.101976
9 0.63025 0.222077 0.02314 0.023911
9 0.18587 0.054738 0.0717 0.069476
9 0.20283 0.177722 0.05422 0.116895