9 0.75849 0.315117 0.01358 0.053047
9 0.87425 0.462422 0.00942 0.032187
9 0.58905 0.13207 0.00706 0.031328
9 0.54843 0.581445 0.00746 0.023047
9 0.12588 0.203242 0.01452 0.038359
9 0.50556 0.900508 0.03104 0.068047
9 0.92789 0.341602 0.00962 0.066328
9 0.24175 0.094297 0.01062 0.059844
9 0.69023 0.838945 0.00942 0.072109
9 0.89232 0.356523 0.00472 0.038359
9 0.88759 0.712773 0.01226 0.073672
9 0.50382 0.967422 0.02824 0.065156
9 0.61304 0.426484 0.01084 0.075469
9 0.92885 0.873594 0.00942 0.0475
9 0.59701 0.258008 0.0165 0.062578