9 0.896725 0.76207 0.009825 0.053203
9 0.664819 0.404023 0.019313 0.049141
9 0.905406 0.693516 0.012112 0.079844
9 0.218313 0.718945 0.359625 0.562109
9 0.595919 0.558516 0.009813 0.047031
9 0.881594 0.461211 0.016112 0.071172
9 0.897744 0.883164 0.008838 0.051172
9 0.972175 0.924687 0.0108 0.047031
9 0.649925 0.277187 0.009825 0.073594
9 0.529019 0.897461 0.012437 0.071641
9 0.5645 0.326289 0.0144 0.171797
9 0.342988 0.072656 0.0888 0.145313
9 0.963175 0.511016 0.02435 0.112969
9 0.503419 0.577813 0.018462 0.073594