9 0.26895 0.410781 0.0215 0.067188
9 0.116644 0.509531 0.010987 0.041719
9 0.251056 0.587344 0.018987 0.087969
9 0.226231 0.746484 0.019638 0.058906
9 0.237425 0.473984 0.00825 0.034375
9 0.324375 0.524961 0.009825 0.036797
9 0.889956 0.958789 0.010212 0.049141
9 0.171844 0.277383 0.012437 0.057266
9 0.798837 0.957305 0.009425 0.085391
9 0.101956 0.767383 0.043537 0.272109
9 0.2879 0.820117 0.009425 0.049141
9 0.218375 0.358594 0.00865 0.06875
9 0.176594 0.04418 0.012112 0.077734
9 0.245875 0.406445 0.011 0.046641
9 0.601244 0.725391 0.017537 0.173281
9 0.300275 0.957578 0.01375 0.049062
9 0.228781 0.557422 0.009037 0.049063
9 0.144531 0.559883 0.010987 0.039297
9 0.816456 0.808477 0.012437 0.049453
9 0.328956 0.868594 0.011788 0.045
9 0.061262 0.874102 0.014925 0.073672