9 0.567606 0.145469 0.007462 0.034375
9 0.740619 0.675742 0.015712 0.063828
9 0.487856 0.265195 0.011788 0.049297
9 0.778919 0.151602 0.010613 0.056484
9 0.763013 0.576328 0.00865 0.056406
9 0.178038 0.468086 0.00865 0.039297
9 0.700856 0.788008 0.009488 0.061328
9 0.670512 0.571406 0.01375 0.06625
9 0.173719 0.875586 0.011788 0.053984
9 0.721969 0.417969 0.016887 0.078594
9 0.517944 0.234453 0.012812 0.059687
9 0.677456 0.86168 0.014412 0.069609
9 0.224387 0.319531 0.012575 0.076094
9 0.716081 0.3175 0.013088 0.057344