9 0.49725 0.623437 0.006825 0.028125
9 0.243062 0.325859 0.008 0.035
9 0.086462 0.252734 0.0104 0.03125
9 0.287338 0.710391 0.0095 0.028125
9 0.205431 0.63957 0.010087 0.066016
9 0.32225 0.696875 0.007325 0.028125
9 0.6028 0.28207 0.0085 0.042734
9 0.334588 0.830703 0.01 0.0375
9 0.52505 0.15082 0.007325 0.051016
9 0.334356 0.033984 0.014162 0.062969
9 0.255588 0.836719 0.022075 0.223438
9 0.600713 0.447695 0.019 0.067734
9 0.261419 0.658477 0.007637 0.030391
9 0.601462 0.346133 0.0065 0.027109
9 0.682569 0.808867 0.010338 0.036484
9 0.139681 0.742305 0.011063 0.049453
9 0.64605 0.337305 0.013 0.048984
9 0.381669 0.325 0.007662 0.035469
9 0.822881 0.468242 0.018238 0.076484