9 0.297762 0.643945 0.009825 0.046016
9 0.045819 0.706602 0.009087 0.035547
9 0.119881 0.947344 0.016988 0.053125
9 0.046875 0.786406 0.01145 0.040937
9 0.168963 0.625781 0.015375 0.1125
9 0.534388 0.673789 0.02155 0.064766
9 0.226081 0.604297 0.009163 0.045
9 0.028294 0.213359 0.016987 0.057188
9 0.842587 0.199844 0.0131 0.0675
9 0.491731 0.732383 0.022587 0.053203
9 0.717919 0.332734 0.020388 0.083281
9 0.048781 0.595703 0.016988 0.097656
9 0.247013 0.393594 0.01115 0.036875
9 0.24195 0.858984 0.014075 0.128906
9 0.541 0.979727 0.0072 0.040547
9 0.141187 0.967891 0.0121 0.055
9 0.716312 0.655898 0.009825 0.032734
9 0.374013 0.168438 0.0098 0.049062
9 0.419169 0.699609 0.012088 0.028594
9 0.471437 0.867383 0.0108 0.053203
9 0.195138 0.276992 0.00815 0.045078
9 0.743206 0.456445 0.019213 0.066172
9 0.044887 0.119219 0.029075 0.1