9 0.658681 0.424805 0.00815 0.052109
9 0.791619 0.514492 0.005525 0.051328
9 0.6208 0.374141 0.005 0.037813
9 0.785272 0.250078 0.006444 0.080469
9 0.6354 0.600273 0.004475 0.042734
9 0.190828 0.252695 0.004356 0.049766
9 0.613259 0.114687 0.003819 0.02625
9 0.025041 0.491797 0.014731 0.130937
9 0.323181 0.408047 0.009337 0.055938
9 0.242522 0.340508 0.011744 0.082891
9 0.158797 0.570195 0.009094 0.059141
9 0.348306 0.519023 0.011975 0.087109
9 0.27355 0.473789 0.006313 0.054297
9 0.551634 0.477734 0.004869 0.034531
9 0.566403 0.4975 0.004606 0.037812
9 0.713234 0.209336 0.009281 0.085234
9 0.700922 0.457969 0.006256 0.052031
9 0.519956 0.32168 0.004838 0.042734
9 0.495662 0.361016 0.006313 0.037813
9 0.369419 0.661172 0.004213 0.035938
9 0.350372 0.670156 0.004344 0.041094
9 0.748088 0.351406 0.007763 0.09
9 0.290825 0.497969 0.004925 0.042656
9 0.275197 0.373672 0.011556 0.087656
9 0.185316 0.425742 0.010981 0.101797
9 0.338575 0.376797 0.00855 0.0625
9 0.647409 0.558594 0.008331 0.049688
9 0.127 0.581797 0.0072 0.049063
9 0.775675 0.510547 0.008362 0.075
9 0.377378 0.528906 0.004869 0.034531
9 0.583428 0.731133 0.004581 0.055234
9 0.418156 0.306094 0.009337 0.075625
9 0.644372 0.187891 0.003156 0.037812
9 0.520166 0.105352 0.003931 0.030859
9 0.529441 0.286328 0.007231 0.044375
9 0.750738 0.216484 0.00625 0.075781
9 0.274734 0.648906 0.005519 0.0625