12 0.440772 0.247617 0.007094 0.126172
12 0.474184 0.199883 0.016094 0.167109
12 0.261347 0.461523 0.030119 0.224922
12 0.231988 0.411797 0.009663 0.125469
12 0.084853 0.487461 0.008206 0.108516
12 0.160216 0.785195 0.011369 0.082891
12 0.072462 0.668984 0.0071 0.049375
12 0.108781 0.721094 0.0055 0.052656
12 0.407494 0.162383 0.010362 0.167109
12 0.070756 0.150859 0.006475 0.059219
12 0.11905 0.623672 0.004038 0.04125
12 0.306906 0.83918 0.0072 0.085234
12 0.198803 0.049609 0.007331 0.075625
12 0.234731 0.577227 0.005525 0.102578
12 0.098056 0.752031 0.00715 0.059531
12 0.063225 0.57332 0.00695 0.067109
12 0.177456 0.765078 0.004925 0.061563
12 0.368353 0.143516 0.007194 0.075781
12 0.212188 0.408281 0.010262 0.17875
12 0.379169 0.595078 0.023675 0.258125
12 0.207647 0.674219 0.004869 0.0625
12 0.1401 0.574492 0.017425 0.194141
12 0.025731 0.894141 0.0154 0.06875
12 0.110188 0.46875 0.01815 0.106562
12 0.072147 0.582148 0.007419 0.045391
12 0.441091 0.686602 0.100769 0.626797