12 0.41684 0.375938 0.0152 0.077188
12 0.56017 0.356641 0.0175 0.0475
12 0.84765 0.289961 0.01218 0.043047
12 0.42789 0.028828 0.02498 0.057656
12 0.04789 0.082656 0.06578 0.093594
12 0.47975 0.231641 0.0165 0.068125
12 0.46455 0.163594 0.01634 0.077187
12 0.79096 0.214102 0.04544 0.138984
12 0.87407 0.180078 0.01102 0.057969
12 0.77637 0.025078 0.07034 0.050156
12 0.62708 0.173984 0.0228 0.07125
12 0.27419 0.119141 0.02686 0.093906
12 0.23488 0.049414 0.02264 0.064453
12 0.1302 0.10125 0.01748 0.056406
12 0.44486 0.297031 0.0212 0.077344
12 0.85588 0.139648 0.02356 0.096484
12 0.54135 0.109961 0.04618 0.195234
12 0.336 0.111719 0.02236 0.03625
12 0.30564 0.139844 0.03004 0.133594