12 0.65547 0.889883 0.01162 0.064766
12 0.3716 0.893125 0.00788 0.097188
12 0.06922 0.664766 0.01036 0.178281
12 0.52647 0.842031 0.00774 0.057031
12 0.47092 0.728711 0.02324 0.102109
12 0.52857 0.743281 0.0083 0.076094
12 0.32639 0.779727 0.01534 0.113359
12 0.5941 0.81293 0.00912 0.059922
12 0.54869 0.863984 0.00954 0.1425
12 0.3541 0.87082 0.01908 0.258359
12 0.69038 0.79043 0.0394 0.249141
12 0.62768 0.717344 0.00996 0.102031
12 0.11976 0.802891 0.01004 0.057031
12 0.56117 0.722656 0.01054 0.042812